canary															
8	1967	2014													
-1	1994	1996	1999	2002	2005	2007	2009	2015							
1967	27770	25659	25178	22060	17927	18492	18789	3805							
1968	27253	25130	24786	22142	17738	18255	18572	3801							
1969	26469	24383	24203	22015	17418	17840	18291	3735							
1970	26075	24032	24142	22078	17395	17679	18027	3834							
1971	25634	23656	24070	21982	17321	17472	17746	3924							
1972	25158	23268	24015	21662	17173	17221	17394	3967							
1973	24601	22811	23769	21124	16920	16920	17015	4009							
1974	22747	21113	22142	20159	16268	16285	16423	3945							
1975	22317	20796	21877	19455	15892	15979	16118	3947							
1976	21684	20271	21357	18792	15522	15697	15848	4004							
1977	21301	19977	21109	18314	15313	15588	15730	4103							
1978	20566	19323	20550	17622	14899	15232	15338	4168							
1979	19542	18396	19664	16596	14090	14472	14586	3911							
1980	18151	17117	18291	15246	13193	13622	13717	3794							
1981	16787	15886	16911	13968	12113	12576	12677	3478							
1982	15906	15053	15880	13106	11358	11787	11860	3288							
1983	14400	13520	13852	11340	9824	10206	10243	2865							
1984	13090	12248	12178	9883	8491	8895	8887	2473							
1985	12682	11991	11694	9543	8164	8676	8604	2377							
1986	12211	11671	11190	9083	7689	8334	8199	2281							
1987	11839	11466	10936	8788	7352	8114	7920	2254							
1988	11111	10869	10283	8088	6597	7485	7228	2156							
1989	10356	10280	9609	7355	5982	6867	6533	2043							
1990	9468	9559	8726	6438	5138	6127	5700	1860							
1991	8903	9083	7978	5667	4511	5616	5074	1718							
1992	7976	8310	6961	4683	3688	4939	4260	1520							
1993	7272	7740	6063	3831	3008	4426	3592	1364							
1994	-1	7188	5371	3254	2564	4202	3178	1288							
1995	-1	7075	5094	3130	2533	4463	3205	1342							
1996	-1	-1	4941	3037	2493	4841	3305	1420							
1997	-1	-1	4717	2762	2295	5144	3270	1469							
1998	-1	-1	4516	2512	2088	5499	3254	1536							
1999	-1	-1	4335	2195	1828	5826	3187	1593							
2000	-1	-1	-1	2102	1786	6364	3316	1710							
2001	-1	-1	-1	2312	1993	7149	3699	1904							
2002	-1	-1	-1	2524	2222	7910	4080	2110							
2003	-1	-1	-1	-1	2452	8603	4440	2326							
2004	-1	-1	-1	-1	2690	9226	4781	2549							
2005	-1	-1	-1	-1	2912	9749	5091	2769							
2006	-1	-1	-1	-1	-1	10183	5372	2975							
2007	-1	-1	-1	-1	-1	10544	5642	3162							
2008	-1	-1	-1	-1	-1	-1	5912	3332							
2009	-1	-1	-1	-1	-1	-1	6170	3494							
2010	-1	-1	-1	-1	-1	-1	-1	3650							
2011	-1	-1	-1	-1	-1	-1	-1	3796							
2012	-1	-1	-1	-1	-1	-1	-1	3919							
2013	-1	-1	-1	-1	-1	-1	-1	4017							
2014	-1	-1	-1	-1	-1	-1	-1	4093							
yelloweye															
5	1983	2016													
-1	2001	2002	2006	2009	2017										
1983	-1	2268	1633	3328	1123										
1984	-1	2117	1503	3136	1027										
1985	-1	2036	1432	3018	974										
1986	-1	1941	1350	2879	898										
1987	-1	1887	1302	2780	855										
1988	-1	1813	1233	2667	804										
1989	-1	1727	1158	2538	759										
1990	873	1592	1055	2368	699										
1991	814	1536	997	2268	659										
1992	719	1430	896	2087	593										
1993	618	1309	791	1904	534										
1994	548	1208	711	1756	477										
1995	499	1156	669	1668	448										
1996	419	1060	614	1560	420										
1997	354	994	574	1476	387										
1998	286	909	522	1375	351										
1999	272	911	517	1358	342										
2000	255	888	488	1310	323										
2001	-1	914	502	1342	330										
2002	-1	934	509	1366	335										
2003	-1	-1	531	1408	351										
2004	-1	-1	553	1449	367										
2005	-1	-1	573	1491	384										
2006	-1	-1	588	1531	402										
2007	-1	-1	-1	1571	419										
2008	-1	-1	-1	1608	437										
2009	-1	-1	-1	1645	455										
2010	-1	-1	-1	-1	473										
2011	-1	-1	-1	-1	494										
2012	-1	-1	-1	-1	515										
2013	-1	-1	-1	-1	538										
2014	-1	-1	-1	-1	563										
2015	-1	-1	-1	-1	590										
2016	-1	-1	-1	-1	617										
hake															
15	1960	2009													
-1	1991	1992	1993	1994	1995	1996	1997	1999	2002	2004	2005	2006	2007	2008	2009
1960	-1	-1	2.2	2.197	2.197	-1	-1	-1	-1	-1	-1	-1	-1	-1	1.366
1961	-1	-1	1.9	1.968	1.968	-1	-1	-1	-1	-1	-1	-1	-1	-1	1.366
1962	-1	-1	1.8	1.843	1.843	-1	-1	-1	-1	-1	-1	-1	-1	-1	1.366
1963	-1	-1	1.8	1.801	1.801	-1	-1	-1	-1	-1	-1	-1	-1	-1	1.366
1964	-1	-1	2	2.024	2.024	-1	-1	-1	-1	-1	-1	-1	-1	-1	1.349
1965	-1	-1	2.2	2.102	2.102	-1	-1	-1	-1	-1	-1	-1	-1	-1	1.25
1966	-1	-1	2.1	2.128	2.128	-1	-1	-1	-1	3.198	3.066	4.05	3.861	2.901	1.107
1967	-1	-1	1.9	1.949	1.949	-1	-1	-1	-1	3.252	3.117	3.987	3.798	2.838	0.927
1968	-1	-1	1.8	1.809	1.809	-1	-1	-1	-1	3.289	3.153	3.897	3.708	2.749	0.757
1969	-1	-1	1.7	1.794	1.794	-1	-1	-1	-1	3.395	3.259	3.873	3.686	2.738	0.681
1970	-1	-1	1.8	1.816	1.816	-1	-1	-1	-1	3.48	3.345	3.868	3.686	2.792	0.619
1971	-1	-1	1.8	1.779	1.779	-1	-1	-1	-1	3.401	3.272	3.885	3.709	2.891	0.573
1972	-1	-1	1.7	1.73	1.73	0.75	0.858	0.763	0.852	3.423	3.302	4.114	3.944	3.166	0.595
1973	-1	-1	2.1	2.058	2.058	1.01	1.202	1.062	1.177	3.827	3.707	4.674	4.503	3.844	0.759
1974	-1	-1	2.1	2.122	2.122	1.08	1.253	1.149	1.275	3.827	3.715	4.889	4.721	4.18	0.85
1975	-1	-1	2.1	2.1	2.1	1.09	1.16	1.116	1.242	3.615	3.512	4.815	4.66	4.198	0.834
1976	-1	-1	1.9	1.959	1.959	1.03	1.129	1.085	1.21	3.4	3.307	4.804	4.664	4.354	0.901
1977	0.894	0.954	1.7	1.48	1.514	0.91	0.994	0.968	1.085	3.051	2.968	4.567	4.442	4.254	0.909
1978	0.816	0.878	1.6	1.39	1.421	0.84	0.888	0.878	0.985	2.739	2.665	4.254	4.146	4.06	0.931
1979	0.659	0.716	1.2	1.103	1.13	0.72	0.77	0.934	1.044	2.798	2.726	4.066	3.979	3.989	1.028
1980	0.704	0.774	1.5	1.353	1.384	0.93	1.085	1.071	1.18	2.923	2.855	4.265	4.203	4.518	1.475
1981	0.758	0.836	1.5	1.375	1.405	0.95	1.114	1.102	1.205	2.859	2.796	4.224	4.178	4.454	1.73
1982	0.731	0.816	1.4	1.343	1.371	0.94	1.057	1.11	1.193	2.628	2.577	4.001	3.973	4.721	2.056
1983	1.089	1.221	2.1	2.056	2.116	1.4	1.733	1.77	1.861	3.628	3.572	4.4	4.411	5.839	3.245
1984	1.17	1.321	2.2	2.093	2.158	1.8	2.162	2.223	2.316	4.296	4.237	4.875	4.913	6.461	4.018
1985	1.238	1.401	2.5	2.371	2.449	2.1	2.137	2.08	2.164	3.991	3.939	4.834	4.88	5.923	3.778
1986	1.132	1.285	2.2	2.166	2.239	1.6	1.701	2.013	2.086	3.74	3.694	4.425	4.469	5.442	3.502
1987	1.247	1.389	2.4	2.309	2.394	2.1	2.386	2.499	2.563	4.257	4.214	4.187	4.235	5.174	3.495
1988	1.163	1.28	2.3	2.221	2.306	2.1	2.405	2.368	2.418	3.876	3.842	3.921	3.972	5.012	3.436
1989	1.097	1.205	2.2	2.19	2.275	1.9	1.963	2.147	2.192	3.487	3.458	3.732	3.786	4.513	3.114
1990	0.926	1.061	2.1	2.118	2.191	1.71	1.812	1.96	2.005	3.161	3.138	3.424	3.481	4.031	2.8
1991	-1	0.907	1.726	1.686	1.735	1.57	1.665	1.898	1.944	3.009	2.99	3.039	3.094	3.551	2.508
1992	-1	-1	1.6	1.52	1.578	1.35	1.394	1.542	1.581	2.46	2.447	2.597	2.652	2.984	2.121
1993	-1	-1	-1	1.262	1.268	1.18	1.232	1.352	1.369	2.139	2.129	2.22	2.274	2.512	1.791
1994	-1	-1	-1	-1	1.055	1	1.068	1.159	1.178	1.842	1.836	1.911	1.964	2.128	1.531
1995	-1	-1	-1	-1	-1	0.754	0.762	0.915	0.927	1.502	1.498	1.556	1.607	1.64	1.149
1996	-1	-1	-1	-1	-1	-1	0.725	0.854	0.831	1.326	1.323	1.368	1.422	1.345	0.922
1997	-1	-1	-1	-1	-1	-1	-1	0.884	0.826	1.295	1.291	1.241	1.301	1.181	0.784
1998	-1	-1	-1	-1	-1	-1	-1	0.807	0.714	1.145	1.142	1.129	1.194	1.066	0.681
1999	-1	-1	-1	-1	-1	-1	-1	-1	0.561	0.969	0.966	1.027	1.095	0.963	0.599
2000	-1	-1	-1	-1	-1	-1	-1	-1	0.482	0.948	0.94	0.962	1.032	0.884	0.576
2001	-1	-1	-1	-1	-1	-1	-1	-1	0.415	0.994	0.978	1.171	1.268	1.049	0.707
2002	-1	-1	-1	-1	-1	-1	-1	-1	-1	1.521	1.519	1.671	1.822	1.626	1.164
2003	-1	-1	-1	-1	-1	-1	-1	-1	-1	1.65	1.682	1.908	2.083	1.899	1.394
2004	-1	-1	-1	-1	-1	-1	-1	-1	-1	-1	1.632	1.846	2.017	1.828	1.334
2005	-1	-1	-1	-1	-1	-1	-1	-1	-1	-1	-1	1.606	1.76	1.554	1.096
2006	-1	-1	-1	-1	-1	-1	-1	-1	-1	-1	-1	1.39	1.551	1.279	0.87
2007	-1	-1	-1	-1	-1	-1	-1	-1	-1	-1	-1	-1	1.398	1.067	0.663
2008	-1	-1	-1	-1	-1	-1	-1	-1	-1	-1	-1	-1	-1	1.096	0.558
2009	-1	-1	-1	-1	-1	-1	-1	-1	-1	-1	-1	-1	-1	-1	0.435
lingcod															
5	1970	2016													
-1	2000	2003	2005	2009	2017										
1970	-1	-1	47181	44280	37864										
1971	-1	-1	47174	45001	38527										
1972	-1	-1	46823	44305	38624										
1973	23735	35822	46065	42695	38272										
1974	22722	34614	44744	41034	37319										
1975	21728	32747	43063	39752	35760										
1976	20969	30218	40952	38448	34126										
1977	20691	27619	38882	36488	32524										
1978	20446	25378	37113	34622	31531										
1979	19829	23716	35498	32410	30568										
1980	18134	21277	32800	29207	28370										
1981	16547	17958	29049	26132	26887										
1982	15786	15956	26505	23684	27687										
1983	15217	14179	24766	21381	28739										
1984	14010	12538	22763	19193	26453										
1985	12260	10779	20002	16854	22842										
1986	10058	8587	16562	14136	18631										
1987	10039	7853	15074	13135	17671										
1988	9740	7134	13908	11979	17194										
1989	9322	6611	12885	10882	17636										
1990	7876	5875	11230	9392	15594										
1991	6737	5143	9725	8147	13365										
1992	5166	3691	7515	6408	10252										
1993	4686	3148	6522	5491	9656										
1994	4362	2814	6004	4908	9676										
1995	4451	2824	6150	5070	10150										
1996	4679	3117	6664	5698	10547										
1997	4722	3281	7179	6141	10099										
1998	4756	3653	7961	6477	9601										
1999	5724	4935	9576	7420	10708										
2000	6747	6260	11306	8400	11644										
2001	-1	8058	13801	9839	12782										
2002	-1	10261	17316	11533	14008										
2003	-1	-1	22229	13625	15472										
2004	-1	-1	27996	16716	17112										
2005	-1	-1	34017	21388	19109										
2006	-1	-1	-1	26504	20236										
2007	-1	-1	-1	31361	20591										
2008	-1	-1	-1	35635	20523										
2009	-1	-1	-1	39140	20123										
2010	-1	-1	-1	-1	19673										
2011	-1	-1	-1	-1	19977										
2012	-1	-1	-1	-1	21554										
2013	-1	-1	-1	-1	23477										
2014	-1	-1	-1	-1	25040										
2015	-1	-1	-1	-1	26148										
2016	-1	-1	-1	-1	27084										
POP															
5	1956	2016													
-1	1992	1998	2009	2011	2017										
1956	32333	-1	33483	59103.1	6188										
1957	31282	-1	32280	58028	6072										
1958	30233	-1	31161	57419.6	5985										
1959	30174	-1	30732	57282.3	5932										
1960	32116	-1	30451	57598.2	5925										
1961	34982	-1	30606	57284.2	5864										
1962	36892	-1	32342	56259.6	5755										
1963	38796	-1	33959	54465.2	5588										
1964	40128	-1	33573	51762.9	5343										
1965	42219	-1	33217	48822.6	5076										
1966	42555	-1	30673	45083.4	4729										
1967	34086	-1	21904	35014.9	3840										
1968	21300	-1	16061	27492.7	3175										
1969	15220	-1	14180	23075.5	2766										
1970	14897	-1	15863	22743.8	2732										
1971	13613	-1	16683	22032.4	2698										
1972	11989	-1	17054	21316.7	2683										
1973	10652	-1	17215	20554.3	2665										
1974	9537	-1	16882	19365.7	2608										
1975	9361	-1	16615	18566.9	2569										
1976	8986	-1	16675	18508.4	2595										
1977	8649	-1	16645	18275	2629										
1978	8839	7522	17048	17967.6	2678										
1979	8183	7157	16913	17093.5	2680										
1980	7476	7073	16394	16268.5	2684										
1981	6742	6920	15548	15226.7	2668										
1982	6450	6690	14735	14624.4	2662										
1983	6340	6497	14140	14282	2667										
1984	5561	5872	13015	13691.3	2641										
1985	4777	5382	11987	13091.3	2608										
1986	4282	5033	11126	12596.2	2581										
1987	3745	4721	10510	12124.4	2555										
1988	3666	4517	10195	11854.7	2551										
1989	3696	4339	9888	11424.9	2550										
1990	3111	4147	9499	10972.7	2561										
1991	2865	4259	9091	10706.3	2592										
1992	-1	4232	8514	10252.6	2604										
1993	-1	4276	8252	9826.99	2608										
1994	-1	4286	7825	9500.05	2621										
1995	-1	4491	7477	9303.17	2656										
1996	-1	4732	7362	9237.28	2725										
1997	-1	4986	7349	9202.24	2819										
1998	-1	5371	7500	9209.29	2913										
1999	-1	-1	7669	9167.72	2982										
2000	-1	-1	7711	9178.16	3037										
2001	-1	-1	7811	9405.45	3107										
2002	-1	-1	8025	9569.44	3171										
2003	-1	-1	8448	9794.51	3230										
2004	-1	-1	8676	10072.3	3274										
2005	-1	-1	8708	10438.4	3318										
2006	-1	-1	8884	10940.5	3412										
2007	-1	-1	9528	11509.2	3571										
2008	-1	-1	10342	11985.3	3745										
2009	-1	-1	10794	12318.2	3885										
2010	-1	-1	-1	12450.3	3976										
2011	-1	-1	-1	12532.1	4032										
2012	-1	-1	-1	-1	4067										
2013	-1	-1	-1	-1	4091										
2014	-1	-1	-1	-1	4197										
2015	-1	-1	-1	-1	4516										
2016	-1	-1	-1	-1	4931										
SST															
4	1960	2012													
-1	1994	2001	2005	2013											
1960	-1	-1	126803	193829											
1961	-1	-1	126487	194482											
1962	-1	31022	126200	195155											
1963	-1	31043	126072	195936											
1964	40354	31045	125905	196651											
1965	40221	31028	125817	197381											
1966	40029	30944	125555	197911											
1967	39877	30116	124732	197868											
1968	39795	27376	123861	197719											
1969	39671	25856	122419	197036											
1970	39393	25637	122072	197135											
1971	39026	25435	121617	197055											
1972	38550	25149	121064	196791											
1973	37789	24582	119880	195917											
1974	36979	23998	117637	194081											
1975	36181	23601	116643	193168											
1976	35174	23089	115039	191680											
1977	34111	22696	114381	190888											
1978	33079	22262	113425	189805											
1979	32000	21894	112661	188837											
1980	30743	21455	111438	187481											
1981	29636	21123	110644	186446											
1982	28303	20678	109521	185043											
1983	26979	20234	108263	183398											
1984	25486	19800	106716	181155											
1985	23694	19223	104786	178502											
1986	21663	18597	102421	175663											
1987	20037	18083	100439	173463											
1988	18793	17571	98742	171458											
1989	17664	16766	97253	169218											
1990	16028	15481	94542	165731											
1991	14382	14394	92299	162644											
1992	13555	13549	90439	159961											
1993	12370	12750	88689	157451											
1994	10998	11901	86646	154669											
1995	-1	11241	84871	152212											
1996	-1	10868	83916	150769											
1997	-1	10602	83223	149580											
1998	-1	10421	82661	148571											
1999	-1	10375	82298	147720											
2000	-1	10460	82244	147177											
2001	-1	-1	82181	146679											
2002	-1	-1	82320	146395											
2003	-1	-1	82281	145965											
2004	-1	-1	82185	145493											
2005	-1	-1	82151	145047											
2006	-1	-1	-1	144680											
2007	-1	-1	-1	144319											
2008	-1	-1	-1	143841											
2009	-1	-1	-1	143121											
2010	-1	-1	-1	142330											
2011	-1	-1	-1	141628											
2012	-1	-1	-1	141166											
drkbltch															
6	1928	2014													
-1	2003	2005	2009	2011	2013	2015									
1928	-1	28539	32800	29167.2	25053.66528	19757.07782									
1929	-1	28538	32782	29149.7	25055.6855	19753.82563									
1930	-1	28535	32763	29131.3	25058.06828	19750.53275									
1931	-1	28532	32743	29111.3	25060.45597	19746.90368									
1932	-1	28532	32720	29086.8	25060.67725	19741.27984									
1933	-1	28531	32707	29072.4	25068.95247	19741.43952									
1934	-1	28530	32696	29058.7	25078.76557	19742.54369									
1935	-1	28529	32685	29046.6	25090.44401	19744.81201									
1936	-1	28527	32673	29033.1	25101.87712	19746.60739									
1937	-1	28525	32667	29025.9	25118.56373	19752.15726									
1938	-1	28524	32660	29017.2	25135.44446	19757.58121									
1939	-1	28520	32650	29006.5	25151.47602	19762.03829									
1940	-1	28513	32634	28989.2	25164.08417	19763.5142									
1941	-1	28506	32619	28963.9	25172.13196	19760.97245									
1942	-1	28499	32601	28930.7	25175.74687	19754.4105									
1943	-1	28490	32591	28891.8	25177.21048	19745.48022									
1944	-1	28452	32518	28724.3	25086.99225	19665.28316									
1945	-1	28362	32313	28353.8	24852.46917	19471.98305									
1946	-1	28127	31871	27719.2	24430.36451	19130.3789									
1947	-1	27977	31638	27358.2	24214.02356	18941.6301									
1948	-1	27895	31437	27073.3	24055.79355	18797.31315									
1949	-1	27757	31359	26933.8	24004.19178	18737.00287									
1950	-1	27615	31279	26838.6	23980.63929	18703.12396									
1951	-1	27448	31192	26736.6	23949.92183	18670.19751									
1952	-1	27229	31057	26617.3	23903.54882	18633.21244									
1953	-1	27086	30949	26496.4	23852.27824	18602.40851									
1954	-1	26954	30858	26412.6	23824.6963	18602.63048									
1955	-1	26822	30766	26305.5	23773.78639	18601.95131									
1956	-1	26702	30627	26166.9	23693.60682	18599.25984									
1957	-1	26541	30437	25950.1	23552.88429	18573.66239									
1958	-1	26362	30216	25687.6	23369.99864	18540.11928									
1959	-1	26216	30034	25488.5	23227.63528	18559.94718									
1960	-1	26082	29884	25347.3	23119.34142	18624.77286									
1961	-1	25939	29707	25155.4	22968.63099	18669.28002									
1962	-1	25862	29577	24992.2	22834.11549	18726.50279									
1963	28746	25715	29395	24813.6	22681.83768	18761.29555									
1964	28682	25528	29197	24624	22514.09127	18767.83728									
1965	28627	25468	29115	24538.2	22416.99813	18807.8857									
1966	28272	25200	28838	24254.6	22163.47754	18710.81501									
1967	24221	21110	24906	20448.6	19371.36811	16620.02102									
1968	21302	18277	22183	17758.5	17390.08191	15090.73835									
1969	19209	16180	20195	15734.3	15879.83882	13901.99837									
1970	19309	16292	20418	15710.5	15831.34802	13861.42606									
1971	19427	16356	20646	15686.1	15736.64626	13817.56281									
1972	19415	16206	20700	15562.6	15525.01246	13709.61672									
1973	19241	15907	20601	15412.6	15267.68451	13580.05053									
1974	18870	15399	20263	15113.7	14818.43481	13305.59033									
1975	18627	15026	20035	14907.8	14583.64483	13194.91276									
1976	18621	14968	19984	14892.1	14351.63474	13090.82304									
1977	18568	14934	19934	14822.9	14082.7594	12963.15824									
1978	18730	15182	20177	15072.5	14066.89054	13015.35002									
1979	18807	15173	20222	15222.8	14000.87309	12994.31307									
1980	18337	14477	19663	15105.5	13749.40613	12761.09309									
1981	18324	14273	19617	15116.8	13625.32923	12537.37427									
1982	18307	14048	19306	14887.6	13403.21163	12158.93189									
1983	17639	13977	18929	14374.1	13015.74972	11604.52538									
1984	17238	14215	18713	13800.5	12638.41003	11078.40279									
1985	16420	13985	18061	13048.6	12094.78955	10501.27468									
1986	15075	12990	16760	12019	11200.83188	9739.983677									
1987	14275	12391	15849	11602	10642.17011	9291.144341									
1988	12288	10444	13704	10296.4	9290.39225	8259.307829									
1989	11104	9259	12324	9492.7	8462.423105	7562.187835									
1990	10262	8605	11374	8836.37	7889.273432	7010.800858									
1991	9039	7536	10068	7694.64	7015.570666	6221.196339									
1992	8210	6882	9189	6848.3	6437.909742	5698.923139									
1993	7861	6673	8796	6460.68	6191.057619	5491.674534									
1994	6986	5842	7855	5734.83	5576.899764	5055.328813									
1995	6542	5342	7219	5345.23	5183.123116	4769.921525									
1996	6339	5031	6691	5002.25	4885.445917	4486.98397									
1997	6200	4974	6318	4630.15	4679.019497	4188.481751									
1998	6110	4955	5957	4137.72	4457.747719	3823.313726									
1999	5940	4644	5569	3506.31	4173.962584	3397.741448									
2000	6404	5099	5898	3353.75	4332.990126	3315.383591									
2001	7266	5808	6387	3261.53	4575.192535	3370.041312									
2002	8374	6968	7236	3383.17	4992.311164	3534.488751									
2003	-1	8298	8278	3609.7	5468.211893	3692.66159									
2004	-1	9608	9342	3946.65	5962.079861	3904.396316									
2005	-1	10417	10218	4362.89	6433.747492	4193.464281									
2006	-1	-1	11145	5057.64	6986.803316	4659.467477									
2007	-1	-1	11899	5910.63	7508.163216	5156.111939									
2008	-1	-1	12434	6766.18	7971.57876	5579.982028									
2009	-1	-1	12847	7568.02	8470.454245	5931.120001									
2010	-1	-1	-1	8231.42	8979.436025	6216.346922									
2011	-1	-1	-1	8807.95	9456.17743	6460.414667									
2012	-1	-1	-1	-1	10063.01933	6821.287663									
2013	-1	-1	-1	-1	10651.35471	7209.025313									
2014	-1	-1	-1	-1	-1	7627.692809									
bocaccio															
7	1951	2014													
-1	1996	1999	2002	2003	2009	2011	2015								
1951	-1	-1	58754	22924	20439	20521	19264								
1952	-1	-1	71522	22779	19788	19872	18686								
1953	-1	-1	74110	22683	19044	19132	18015								
1954	-1	-1	72372	22311	18146	18238	17201								
1955	-1	-1	66730	21775	17204	17301	16349								
1956	-1	-1	58322	21118	15936	16031	15210								
1957	-1	-1	47224	19984	14295	14352	13782								
1958	-1	-1	35294	18781	12471	12440	12350								
1959	-1	-1	38311	17268	10759	10616	10999								
1960	-1	-1	38779	15967	9382	9133	10359								
1961	-1	-1	36856	14732	8329	8362	10449								
1962	-1	-1	33771	15365	7961	9260	11253								
1963	-1	-1	31600	23727	7944	10307	12423								
1964	-1	-1	74859	29740	10462	10734	13579								
1965	-1	-1	95179	38660	20453	13776	15121								
1966	-1	-1	108008	45401	29422	23646	16664								
1967	-1	-1	112425	48187	33124	31471	18671								
1968	-1	67672	110057	46676	33355	34042	22491								
1969	47930	66909	102533	45377	34481	36080	25920								
1970	46744	66229	93780	43676	35118	37064	28132								
1971	45768	68088	108159	43164	34134	36201	29391								
1972	45041	66835	108763	41693	32637	34694	30700								
1973	42996	62527	103319	39585	30376	32268	31137								
1974	40461	56525	100394	35400	26362	27916	28872								
1975	37922	51815	90591	30039	22451	23840	25747								
1976	34292	45459	81031	27606	21682	22876	24595								
1977	29853	38737	67893	24888	20509	21504	23486								
1978	30682	42009	54849	27121	18617	19499	22041								
1979	31834	41636	60297	27315	17441	18217	20819								
1980	31339	40006	59619	28918	18189	18887	21260								
1981	29066	36500	56986	27262	18473	19098	22485								
1982	26899	32341	51931	24862	17097	17630	21830								
1983	21016	25976	43686	19833	14161	14599	19029								
1984	15698	18240	34817	14851	10956	11327	15706								
1985	12827	15474	28647	12634	7994	8299	12604								
1986	12132	13752	26981	11495	6665	6922	10821								
1987	11067	12035	23673	10430	6446	6673	10145								
1988	10218	10352	20169	9561	6218	6416	9672								
1989	9713	10087	17865	9505	5570	5738	8856								
1990	8456	8496	16110	8190	4833	4972	7821								
1991	7129	7145	14112	7327	4777	4905	7395								
1992	6936	6684	12791	7038	4928	5046	7288								
1993	6245	5599	11382	6240	4673	4762	6803								
1994	5508	4431	9474	5530	4397	4452	6335								
1995	4589	3377	7993	4896	4076	4103	5942								
1996	3857	2630	6874	4560	3911	3907	5712								
1997	-1	2038	5863	4429	3844	3808	5511								
1998	-1	1561	5006	4260	3708	3643	5259								
1999	-1	1271	4373	4330	3687	3591	5104								
2000	-1	-1	3738	5166	3612	3490	4939								
2001	-1	-1	3364	5702	3830	3653	5058								
2002	-1	-1	2914	6506	4704	4409	5897								
2003	-1	-1	-1	-1	5465	5064	6644								
2004	-1	-1	-1	-1	5863	5391	7033								
2005	-1	-1	-1	-1	6129	5576	7155								
2006	-1	-1	-1	-1	6535	5852	7193								
2007	-1	-1	-1	-1	6912	6099	7199								
2008	-1	-1	-1	-1	7304	6380	7122								
2009	-1	-1	-1	-1	7491	6569	6969								
2010	-1	-1	-1	-1	-1	6677	6722								
2011	-1	-1	-1	-1	-1	6826	6458								
2012	-1	-1	-1	-1	-1	-1	6384								
2013	-1	-1	-1	-1	-1	-1	6766								
2014	-1	-1	-1	-1	-1	-1	7454								
widow															
7	1955	2014													
-1	1997	2000	2003	2005	2009	2011	2015								
1955	-1	-1	-1	-1	39678	65068	73797								
1956	-1	-1	-1	-1	39662	63905	73358								
1957	-1	-1	-1	-1	39612	62516	72843								
1958	-1	-1	37605	44904	39557	61033	72263								
1959	-1	-1	37608	44906	39487	59770	71770								
1960	-1	-1	37638	44922	39446	58781	71381								
1961	-1	-1	37764	44996	39415	58006	71038								
1962	-1	-1	38043	45168	39402	57749	70926								
1963	-1	-1	38457	45437	39380	57803	70938								
1964	-1	-1	38934	45759	39342	58472	71279								
1965	-1	-1	39422	46084	39303	59044	71615								
1966	-1	-1	39882	46351	39365	59930	72154								
1967	-1	-1	39447	45676	38547	58402	70425								
1968	-1	30662	38806	44743	37603	56486	68512								
1969	-1	30664	38555	44157	37325	56478	68102								
1970	36005	30667	38786	43994	37598	57837	68673								
1971	36004	30716	39246	44042	38033	59630	69345								
1972	36003	30910	39931	44391	38588	61697	69966								
1973	36002	31371	40838	45063	39327	64503	71080								
1974	36043	32096	41728	45835	40102	67315	73085								
1975	36335	33298	42964	46972	41162	71892	76976								
1976	37154	35254	44708	48588	42648	78168	82643								
1977	39212	37731	46513	50426	44432	85235	88215								
1978	39551	39189	46992	51386	45292	90150	91905								
1979	39241	39316	45740	51001	45073	91555	92297								
1980	37259	38031	42950	49123	43610	86939	86310								
1981	30345	32253	35643	42492	37174	73220	73064								
1982	22315	25329	27652	34716	29778	57224	57897								
1983	15526	19457	20920	27663	22991	43208	45665								
1984	13604	17592	19341	25244	20929	40132	43126								
1985	13040	17055	18880	24086	19978	39207	42634								
1986	12677	16665	18776	23757	19618	39871	43349								
1987	13363	16480	19145	24357	20019	41065	44068								
1988	13540	15782	19189	24756	20248	40482	42699								
1989	13559	14978	18967	24891	20288	39853	41799								
1990	12361	13019	17554	23705	19194	36407	38959								
1991	11190	11552	16351	22428	18185	33343	36006								
1992	10762	11078	15793	21660	17627	31908	35142								
1993	10227	10632	15011	20622	16799	30207	34248								
1994	9597	9860	13737	19016	15458	27255	31960								
1995	9249	9533	12881	17848	14507	25465	31043								
1996	8820	8985	11936	16806	13597	23851	30276								
1997	8508	8664	11474	16474	13266	23145	30326								
1998	-1	8262	11167	16406	13104	22363	30082								
1999	-1	8223	11219	16567	13149	22545	30331								
2000	-1	-1	10835	16306	12852	22270	30274								
2001	-1	-1	10268	15664	12294	21732	30245								
2002	-1	-1	9951	15241	12000	22074	30978								
2003	-1	-1	-1	15138	12024	23491	32618								
2004	-1	-1	-1	15337	12259	25652	34770								
2005	-1	-1	-1	-1	12735	28441	37080								
2006	-1	-1	-1	-1	13403	31178	39164								
2007	-1	-1	-1	-1	14171	33350	40825								
2008	-1	-1	-1	-1	14908	34728	42031								
2009	-1	-1	-1	-1	15625	35545	43110								
2010	-1	-1	-1	-1	-1	36063	44280								
2011	-1	-1	-1	-1	-1	36342	45813								
2012	-1	-1	-1	-1	-1	-1	47912								
2013	-1	-1	-1	-1	-1	-1	51215								
2014	-1	-1	-1	-1	-1	-1	55669								
yellowtail															
6	1967	2004													
-1	1991	1993	1996	1997	2000	2005									
1967	156605	141531	133954	128121	137590	105305									
1968	152766	135518	128449	125534	135210	105541									
1969	145512	131128	123408	121414	130160	103931									
1970	138806	125345	118258	116955	124600	102199									
1971	136155	121285	114289	115137	121730	102147									
1972	139962	123699	117322	116165	121610	104457									
1973	138953	121151	115006	115566	122300	106041									
1974	134376	118993	113583	112948	118510	106243									
1975	131311	113443	108853	110671	115060	105872									
1976	125803	111548	107038	108654	111690	105399									
1977	121565	106357	102897	105977	107140	102587									
1978	122039	108883	105154	108482	109730	106004									
1979	122438	106229	101454	105910	108520	104533									
1980	116080	103570	97025	103667	102430	101280									
1981	114236	103462	95027	103354	106020	102419									
1982	108423	102930	91350	100690	102670	99819									
1983	98733	96241	84051	94930	96481	94528									
1984	94561	91989	76800	89808	91979	90452									
1985	92626	93212	75927	90603	94567	92702									
1986	92473	91607	72416	89731	92620	93057									
1987	90930	92508	69047	92658	96346	96451									
1988	89457	97514	66444	92300	100540	97301									
1989	87542	90238	60918	90498	100680	95525									
1990	86966	83918	55348	87474	98386	94476									
1991	-1	81813	51535	91137	103840	100691									
1992	-1	79963	46449	85058	97943	94183									
1993	-1	75975	38024	78698	94860	90489									
1994	-1	-1	32962	73456	97720	92822									
1995	-1	-1	28479	70620	94227	92272									
1996	-1	-1	24910	67546	88013	88302									
1997	-1	-1	-1	64140	80799	83276									
1998	-1	-1	-1	-1	72672	77496									
1999	-1	-1	-1	-1	71341	72569									
2000	-1	-1	-1	-1	69364	73027									
2001	-1	-1	-1	-1	-1	71371									
2002	-1	-1	-1	-1	-1	61969									
2003	-1	-1	-1	-1	-1	58025									
2004	-1	-1	-1	-1	-1	72152									
chilipepper															
2	1970	2007													
-1	1998	2007													
1970	62156	30621													
1971	62442	33863													
1972	63420	34608													
1973	62598	37977													
1974	62530	36701													
1975	61400	35964													
1976	61260	36092													
1977	59907	35209													
1978	58443	36770													
1979	55865	38241													
1980	52702	36490													
1981	48753	31887													
1982	44928	28876													
1983	40736	26269													
1984	35938	27234													
1985	36094	23721													
1986	35562	20941													
1987	37235	21602													
1988	39357	23163													
1989	40965	23808													
1990	41602	22382													
1991	41346	21653													
1992	40591	20340													
1993	39513	19649													
1994	38989	18583													
1995	37996	17872													
1996	36753	17127													
1997	34988	16307													
1998	33469	15209													
1999	-1	18866													
2000	-1	18442													
2001	-1	19149													
2002	-1	24397													
2003	-1	28205													
2004	-1	31275													
2005	-1	32553													
2006	-1	32852													
2007	-1	33619													
sablefish															
8	1974	2010													
-1	1992	1994	1997	1998	2001	2005	2007	2011							
1974	146138	116232	161299	131237	157231	135249	199088	178043							
1975	141010	111586	152472	127815	154183	135476	194958	179436							
1976	134604	105399	143238	123229	150275	134424	191487	176479							
1977	119291	92809	128473	112771	140272	126016	182509	166863							
1978	114665	88312	122363	109141	137916	125126	181322	165216							
1979	107649	82769	115134	104220	132436	122290	178571	164610							
1980	94454	74165	104429	95864	122348	114116	170687	157523							
1981	90787	72137	101162	93896	121207	113378	168855	155108							
1982	86596	69416	97242	91817	118072	112263	166347	153177							
1983	78651	63096	90249	87806	114315	108556	160174	147775							
1984	73166	59884	85469	84875	111116	106215	155054	144216							
1985	67820	56246	80174	81541	107876	104168	149662	140349							
1986	60971	50781	73306	76375	102659	100110	142833	134469							
1987	54517	45811	66757	70763	96945	96318	135740	128737							
1988	48395	41440	61307	65808	91542	92985	128070	124548							
1989	43844	38639	57426	61615	87150	90941	121875	121772							
1990	40028	36843	54333	58391	83845	89455	116672	119233							
1991	37052	35947	51659	55842	81300	88343	112358	116773							
1992	33936	35597	49180	53595	79461	87656	108787	114912							
1993	31406	36596	48005	51829	78453	87154	105902	114145							
1994	-1	-1	47745	50318	78517	87182	103341	112799							
1995	-1	-1	46712	48015	77537	86629	100408	110589							
1996	-1	-1	44126	44868	74822	84641	96349	106824							
1997	-1	-1	40288	41211	70791	81218	91846	102798							
1998	-1	-1	-1	38675	66909	78101	88184	99603							
1999	-1	-1	-1	-1	64317	76817	86070	96766							
2000	-1	-1	-1	-1	60157	74223	82138	92142							
2001	-1	-1	-1	-1	-1	71502	78034	87301							
2002	-1	-1	-1	-1	-1	69334	76036	85518							
2003	-1	-1	-1	-1	-1	70167	79136	85931							
2004	-1	-1	-1	-1	-1	72419	83707	86324							
2005	-1	-1	-1	-1	-1	75070	88531	85741							
2006	-1	-1	-1	-1	-1	-1	91607	83508							
2007	-1	-1	-1	-1	-1	-1	93831	80139							
2008	-1	-1	-1	-1	-1	-1	-1	75949							
2009	-1	-1	-1	-1	-1	-1	-1	70773							
2010	-1	-1	-1	-1	-1	-1	-1	64500							
cabezon															
3	1970	2009													
-1	2004	2005	2009												
1970	768	887	859												
1971	723	881	853												
1972	720	886	861												
1973	610	812	822												
1974	568	725	807												
1975	542	675	803												
1976	556	696	829												
1977	550	713	866												
1978	561	729	903												
1979	518	704	886												
1980	529	672	867												
1981	422	517	789												
1982	454	477	734												
1983	480	401	686												
1984	508	369	665												
1985	516	353	633												
1986	540	336	613												
1987	524	303	568												
1988	518	308	573												
1989	506	328	586												
1990	481	321	585												
1991	455	332	590												
1992	437	366	596												
1993	424	376	566												
1994	427	410	569												
1995	435	419	572												
1996	458	401	540												
1997	501	427	508												
1998	535	452	475												
1999	515	417	384												
2000	502	455	333												
2001	453	464	313												
2002	395	453	338												
2003	361	428	379												
2004	-1	381	366												
2005	-1	318	360												
2006	-1	-1	359												
2007	-1	-1	376												
2008	-1	-1	392												
2009	-1	-1	410												
Dover															
4	1977	2011													
-1	1997	2001	2005	2011											
1977	148987	142866	185204	447599											
1978	148470	137055	183949	445617											
1979	146083	130702	181652	440070											
1980	137595	122773	176624	429735											
1981	138730	117119	173667	419622											
1982	134082	110976	169726	408010											
1983	125470	103283	163719	393918											
1984	119305	96965	158778	381420											
1985	114800	91425	154629	370120											
1986	107848	85694	149454	358570											
1987	101754	81579	145988	349662											
1988	96253	76920	141733	340868											
1989	90974	72312	137381	332854											
1990	82815	66577	132525	324399											
1991	77637	62425	129284	317819											
1992	69581	57162	124745	309617											
1993	64024	53324	121658	302904											
1994	59266	50733	119986	298655											
1995	62775	50936	121839	300146											
1996	62448	50905	124256	303874											
1997	-1	50243	127093	308715											
1998	-1	50480	132275	316856											
1999	-1	51426	139363	328510											
2000	-1	51442	146141	340701											
2001	-1	-1	153056	352007											
2002	-1	-1	161014	361507											
2003	-1	-1	169794	368402											
2004	-1	-1	178801	373512											
2005	-1	-1	188987	379112											
2006	-1	-1	-1	384556											
2007	-1	-1	-1	390893											
2008	-1	-1	-1	396088											
2009	-1	-1	-1	398921											
2010	-1	-1	-1	397836											
2011	-1	-1	-1	393507											
petrale															
5	1910	2012													
-1	1999	2005	2009	2011	2013										
1910	-1	29983	23642	24740	30746										
1911	-1	29913	23567	24673	30673										
1912	-1	29831	23492	24605	30600										
1913	-1	29734	23417	24537	30528										
1914	-1	29621	23341	24469	30456										
1915	-1	29486	23266	24401	30385										
1916	-1	29329	23190	24333	30314										
1917	-1	29142	23118	24268	30247										
1918	-1	28871	22957	24119	30094										
1919	-1	28697	22877	24047	30021										
1920	-1	28611	22867	24043	30018										
1921	-1	28620	22932	24110	30090										
1922	-1	28595	22956	24135	30122										
1923	-1	28481	22890	24074	30069										
1924	-1	28369	22826	24015	30019										
1925	-1	28188	22695	23890	29905										
1926	-1	28023	22573	23777	29803										
1927	-1	27879	22465	23677	29716										
1928	-1	27673	22291	23514	29566										
1929	-1	27494	22137	23372	29439										
1930	-1	27271	21935	23185	29269										
1931	-1	27103	21782	23046	29147										
1932	-1	26982	21633	22913	29031										
1933	-1	26923	21408	22713	28844										
1934	-1	26969	21178	22514	28657										
1935	-1	26538	20455	21847	27986										
1936	-1	26248	19792	21243	27376										
1937	-1	26232	19370	20878	27008										
1938	-1	25991	18610	20197	26313										
1939	-1	25741	17734	19416	25512										
1940	-1	25342	17254	18560	24472										
1941	-1	25043	16774	17755	23607										
1942	-1	24911	15859	17176	23023										
1943	-1	23993	15175	15912	21953										
1944	-1	23009	13747	14715	20952										
1945	-1	22614	12365	14242	20537										
1946	-1	22413	11867	14023	20284										
1947	-1	21399	11835	12955	19201										
1948	-1	20819	10982	12254	18512										
1949	-1	19098	10457	10739	16917										
1950	-1	17766	9067	9412	15403										
1951	-1	16167	7890	7856	13752										
1952	-1	15617	6490	7344	13100										
1953	-1	15232	6129	7030	12565										
1954	-1	15003	5940	7048	12226										
1955	-1	14407	6064	6656	11479										
1956	-1	13736	5751	6227	10897										
1957	-1	13437	5367	6150	10535										
1958	-1	12361	5326	5760	9848										
1959	-1	11971	4939	5660	9279										
1960	-1	11856	4822	5509	9030										
1961	-1	11800	4646	5347	8581										
1962	-1	11450	4468	4834	7820										
1963	-1	11153	3935	4481	7168										
1964	-1	10764	3556	4113	6553										
1965	-1	10844	3148	4130	6404										
1966	-1	11725	3117	4253	6519										
1967	-1	12654	3246	4433	6638										
1968	-1	12755	3475	4409	6640										
1969	-1	12841	3460	4444	6793										
1970	-1	12969	3462	4635	7136										
1971	-1	13354	3581	4874	7503										
1972	-1	13898	3829	5472	8015										
1973	-1	13134	4465	5679	8175										
1974	-1	12159	5105	5839	8277										
1975	-1	10448	4887	5507	7644										
1976	-1	8913	4464	4990	6874										
1977	7004	7871	4217	4638	6329										
1978	6529	7203	4068	4404	5944										
1979	5307	5536	3537	3775	5078										
1980	4263	4313	2867	3039	4206										
1981	3511	3665	2726	2830	3801										
1982	2793	3584	2823	2934	3571										
1983	2338	3245	2820	2860	3287										
1984	2001	2762	2521	2591	3108										
1985	1982	2645	2567	2563	3164										
1986	2097	2651	2777	2623	3238										
1987	2197	2710	2856	2609	3109										
1988	2109	2668	2509	2291	2759										
1989	2177	2734	2342	2235	2593										
1990	2232	2789	2291	2265	2472										
1991	2257	2786	2221	2204	2333										
1992	2250	2400	1824	1828	1936										
1993	2399	2311	1620	1673	1803										
1994	2620	2472	1652	1730	1954										
1995	3029	2806	1983	2033	2427										
1996	3293	3165	2373	2317	2849										
1997	3506	3334	2481	2337	2948										
1998	3813	3357	2321	2189	2831										
1999	-1	3785	2475	2291	2936										
2000	-1	4411	2765	2562	3167										
2001	-1	4813	2810	2747	3221										
2002	-1	5178	2798	2925	3278										
2003	-1	5911	3030	3403	3556										
2004	-1	7687	3706	4288	4228										
2005	-1	9627	4161	4877	4618										
2006	-1	-1	3950	4754	4353										
2007	-1	-1	3818	4704	4230										
2008	-1	-1	3350	4368	3867										
2009	-1	-1	2938	4119	3612										
2010	-1	-1	-1	3861	3377										
2011	-1	-1	-1	4720	4146										
2012	-1	-1	-1	-1	5465										
mackerel															
6	1962	2015													
-1	2004	2005	2007	2009	2011	2015									
1962	25981	31791	40440	47534	-1	-1									
1963	30545	27882	40079	55495	-1	-1									
1964	23337	19642	30919	50354	-1	-1									
1965	10095	12221	19681	38267	-1	-1									
1966	2794	9983	14235	27557	-1	-1									
1967	794	8608	11612	19104	-1	-1									
1968	404	9442	13447	17511	-1	-1									
1969	90	10490	20533	20052	-1	-1									
1970	109	12000	31397	25020	-1	-1									
1971	212	14226	41784	29678	-1	-1									
1972	205	14718	46056	34697	-1	-1									
1973	33	16468	49677	36201	-1	-1									
1974	33	22015	55446	33318	-1	-1									
1975	741	31906	70294	32516	-1	-1									
1976	2620	41149	95840	32180	-1	-1									
1977	15359	60223	148673	45864	-1	-1									
1978	33177	96175	263041	80086	-1	-1									
1979	82868	125350	397917	169380	-1	-1									
1980	198862	130530	472604	308250	-1	-1									
1981	283330	155380	590565	427430	229917	156849									
1982	474144	163110	662372	532110	344407	204793									
1983	500733	174000	641691	598050	411457	509274									
1984	598962	190250	623557	537920	461354	597460									
1985	640182	193810	539151	453050	448541	563560									
1986	585771	195880	459036	332340	391887	479463									
1987	518881	191820	378397	228700	283167	338693									
1988	449563	193170	324384	171680	217032	259474									
1989	381221	168060	258032	153610	190807	221688									
1990	301105	153930	231281	160040	194012	226256									
1991	240703	123890	190701	145920	176715	210684									
1992	176547	94139	145855	130060	153070	184380									
1993	162801	87663	127578	124080	140324	169913									
1994	145907	77250	105836	112060	122262	147946									
1995	126596	84701	117870	108700	118744	141839									
1996	115733	90178	128394	112220	126212	149443									
1997	98054	88707	137003	113310	132234	156141									
1998	55058	64939	113751	98203	116867	139079									
1999	32704	36507	81273	62788	73712.5	92678.7									
2000	14417	33262	64071	49944	56032.9	70472.7									
2001	4311	24253	40164	31390	32963.7	38346.7									
2002	4942	22750	33739	24482	25379.6	24465.4									
2003	11601	30285	39714	19203	21126.7	16236.9									
2004	-1	31079	41169	16281	20756	12948.1									
2005	-1	33310	39433	16684	25241.3	13108.1									
2006	-1	-1	56496	24639	37195.6	16139.1									
2007	-1	-1	86777	44981	55562.2	21364.2									
2008	-1	-1	-1	76440	77880.6	26957.1									
2009	-1	-1	-1	108385	99081.8	31631.6									
2010	-1	-1	-1	-1	112880	33506.1									
2011	-1	-1	-1	-1	116972	31246.5									
2012	-1	-1	-1	-1	-1	29970.3									
2013	-1	-1	-1	-1	-1	28473.5									
2014	-1	-1	-1	-1	-1	30807.1									
2015	-1	-1	-1	-1	-1	40776.6									
sardine															
6	1981	2017													
-1	2004	2007	2009	2011	2014	2017									
1981	-1	1353	7686	-1	-1	-1									
1982	4239	1948	9935	-1	-1	-1									
1983	9241	2859	12676	-1	-1	-1									
1984	20977	3138	21621	-1	-1	-1									
1985	33776	5881	27080	-1	-1	-1									
1986	48765	10305	34074	-1	-1	-1									
1987	79466	22315	51103	-1	-1	-1									
1988	126847	49601	79974	-1	-1	-1									
1989	201807	75769	119240	-1	-1	-1									
1990	278710	100880	148680	-1	-1	-1									
1991	344494	137650	169720	968738	776158	-1									
1992	429202	193910	217120	347153	554886	-1									
1993	453381	257330	304250	425724	601201	-1									
1994	597858	413670	482160	590016	792142	-1									
1995	821322	655040	717270	753914	913715	-1									
1996	985653	761500	851700	839033	906839	-1									
1997	1032813	743770	815380	816715	862620	-1									
1998	1030096	904690	937480	941344	947369	-1									
1999	1086783	1368800	1278100	1128220	1011470	-1									
2000	1016768	1462200	1423600	1099280	889929	-1									
2001	889206	1251100	1240500	910035	709131	-1									
2002	873400	1087900	1027600	717378	538750	-1									
2003	817871	913190	821820	559167	416424	107913									
2004	901518	997300	814100	683573	616788	324261									
2005	-1	972300	955530	828757	868822	1073370									
2006	-1	826660	1030500	936129	1098180	1220870									
2007	-1	566220	935690	915233	1117080	1038110									
2008	-1	-1	728740	809353	1037970	776752									
2009	-1	-1	529540	675809	900161	540470									
2010	-1	-1	-1	642833	806697	399390									
2011	-1	-1	-1	720421	680004	336083									
2012	-1	-1	-1	-1	473374	201812									
2013	-1	-1	-1	-1	333268	104351									
2014	-1	-1	-1	-1	306237	60262									
2015	-1	-1	-1	-1	-1	51186.6									
2016	-1	-1	-1	-1	-1	52354.3									
2017	-1	-1	-1	-1	-1	61684.2									
